14 -0.07 0.134
18 -0.015 0.13
22.5 0.081 0.125
28.5 0.21 0.123
36.5 0.296 0.124
46.5 0.466 0.122
59 0.611 0.127
75 0.699 0.122
95 0.913 0.12
120.5 1.012 0.128
153 1.204 0.121
194 1.257 0.132
246 1.29 0.131
311.5 1.477 0.145
395 1.908 0.168
501 1.846 0.182
635 1.856 0.202
804.5 2.765 0.243
979 2.079 0.143
1153 1.892 0.158
1357.5 2.208 0.162
1598 2.375 0.179
1881.5 2.088 0.193
2215.5 2.361 0.208
2608.5 2.325 0.212
3071 2.242 0.255
3615.5 2.334 0.273
4256.5 3.080 0.29
5011 3.538 0.382
5899.5 4.306 0.409
6945.5 4.142 0.483
8177 4.435 0.542
9627 2.681 0.653
11333.5 1.67 0.803
13342.5 1.962 0.906
15708.5 -0.223 1.030
18494 1.637 0.858